0.000000, 573
0.000100, 573
0.000200, 573
0.000300, 573
0.000400, 574
0.000500, 574
0.000600, 574
0.000700, 574
0.000800, 575
0.000900, 575
0.001000, 575
0.001100, 576
0.001200, 576
0.001300, 576
0.001400, 576
0.001500, 577
0.001600, 577
0.001700, 577
0.001800, 577
0.001900, 578
0.002000, 578
0.002100, 578
0.002200, 579
0.002300, 579
0.002400, 579
0.002500, 579
0.002600, 580
0.002700, 580
0.002800, 580
0.002900, 580
0.003000, 581
0.003100, 581
0.003200, 581
0.003300, 582
0.003400, 582
0.003500, 582
0.003600, 582
0.003700, 583
0.003800, 583
0.003900, 583
0.004000, 583
0.004100, 584
0.004200, 584
0.004300, 584
0.004400, 585
0.004500, 585
0.004600, 585
0.004700, 585
0.004800, 586
0.004900, 586
0.005000, 586
0.005100, 586
0.005200, 587
0.005300, 587
0.005400, 587
0.005500, 588
0.005600, 588
0.005700, 588
0.005800, 588
0.005900, 589
0.006000, 589
0.006100, 589
0.006200, 589
0.006300, 590
0.006400, 590
0.006500, 590
0.006600, 591
0.006700, 591
0.006800, 591
0.006900, 591
0.007000, 592
0.007100, 592
0.007200, 592
0.007300, 592
0.007400, 593
0.007500, 593
0.007600, 593
0.007700, 594
0.007800, 594
0.007900, 594
0.008000, 594
0.008100, 595
0.008200, 595
0.008300, 595
0.008400, 595
0.008500, 596
0.008600, 596
0.008700, 596
0.008800, 597
0.008900, 597
0.009000, 597
0.009100, 597
0.009200, 598
0.009300, 598
0.009400, 598
0.009500, 598
0.009600, 599
0.009700, 599
0.009800, 599
0.009900, 600
0.010000, 600
0.010100, 600
0.010200, 600
0.010300, 601
0.010400, 601
0.010500, 601
0.010600, 601
0.010700, 602
0.010800, 602
0.010900, 602
0.011000, 603
0.011100, 603
0.011200, 603
0.011300, 603
0.011400, 604
0.011500, 604
0.011600, 604
0.011700, 604
0.011800, 605
0.011900, 605
0.012000, 605
0.012100, 606
0.012200, 606
0.012300, 606
0.012400, 606
0.012500, 607
0.012600, 607
0.012700, 607
0.012800, 607
0.012900, 608
0.013000, 608
0.013100, 608
0.013200, 609
0.013300, 609
0.013400, 609
0.013500, 609
0.013600, 610
0.013700, 610
0.013800, 610
0.013900, 610
0.014000, 611
0.014100, 611
0.014200, 611
0.014300, 612
0.014400, 612
0.014500, 612
0.014600, 612
0.014700, 613
0.014800, 613
0.014900, 613
0.015000, 613
0.015100, 614
0.015200, 614
0.015300, 614
0.015400, 615
0.015500, 615
0.015600, 615
0.015700, 615
0.015800, 616
0.015900, 616
0.016000, 616
0.016100, 616
0.016200, 617
0.016300, 617
0.016400, 617
0.016500, 618
0.016600, 618
0.016700, 618
0.016800, 618
0.016900, 619
0.017000, 619
0.017100, 619
0.017200, 619
0.017300, 620
0.017400, 620
0.017500, 620
0.017600, 621
0.017700, 621
0.017800, 621
0.017900, 621
0.018000, 622
0.018100, 622
0.018200, 622
0.018300, 622
0.018400, 623
0.018500, 623
0.018600, 623
0.018700, 624
0.018800, 624
0.018900, 624
0.019000, 624
0.019100, 625
0.019200, 625
0.019300, 625
0.019400, 625
0.019500, 626
0.019600, 626
0.019700, 626
0.019800, 627
0.019900, 627
0.020000, 627
0.020100, 627
0.020200, 628
0.020300, 628
0.020400, 628
0.020500, 628
0.020600, 629
0.020700, 629
0.020800, 629
0.020900, 630
0.021000, 630
0.021100, 630
0.021200, 630
0.021300, 631
0.021400, 631
0.021500, 631
0.021600, 631
0.021700, 632
0.021800, 632
0.021900, 632
0.022000, 633
0.022100, 633
0.022200, 633
0.022300, 633
0.022400, 634
0.022500, 634
0.022600, 634
0.022700, 634
0.022800, 635
0.022900, 635
0.023000, 635
0.023100, 636
0.023200, 636
0.023300, 636
0.023400, 636
0.023500, 637
0.023600, 637
0.023700, 637
0.023800, 637
0.023900, 638
0.024000, 638
0.024100, 638
0.024200, 639
0.024300, 639
0.024400, 639
0.024500, 639
0.024600, 640
0.024700, 640
0.024800, 640
0.024900, 640
0.025000, 641
0.025100, 641
0.025200, 641
0.025300, 642
0.025400, 642
0.025500, 642
0.025600, 642
0.025700, 643
0.025800, 643
0.025900, 643
0.026000, 643
0.026100, 644
0.026200, 644
0.026300, 644
0.026400, 645
0.026500, 645
0.026600, 645
0.026700, 645
0.026800, 646
0.026900, 646
0.027000, 646
0.027100, 646
0.027200, 647
0.027300, 647
0.027400, 647
0.027500, 648
0.027600, 648
0.027700, 648
0.027800, 648
0.027900, 649
0.028000, 649
0.028100, 649
0.028200, 649
0.028300, 650
0.028400, 650
0.028500, 650
0.028600, 651
0.028700, 651
0.028800, 651
0.028900, 651
0.029000, 652
0.029100, 652
0.029200, 652
0.029300, 652
0.029400, 653
0.029500, 653
0.029600, 653
0.029700, 654
0.029800, 654
0.029900, 654
0.030000, 654
0.030100, 655
0.030200, 655
0.030300, 655
0.030400, 655
0.030500, 656
0.030600, 656
0.030700, 656
0.030800, 657
0.030900, 657
0.031000, 657
0.031100, 657
0.031200, 658
0.031300, 658
0.031400, 658
0.031500, 658
0.031600, 659
0.031700, 659
0.031800, 659
0.031900, 660
0.032000, 660
0.032100, 660
0.032200, 660
0.032300, 661
0.032400, 661
0.032500, 661
0.032600, 661
0.032700, 662
0.032800, 662
0.032900, 662
0.033000, 663
0.033100, 663
0.033200, 663
0.033300, 663
0.033400, 664
0.033500, 664
0.033600, 664
0.033700, 664
0.033800, 665
0.033900, 665
0.034000, 665
0.034100, 666
0.034200, 666
0.034300, 666
0.034400, 666
0.034500, 667
0.034600, 667
0.034700, 667
0.034800, 667
0.034900, 668
0.035000, 668
0.035100, 668
0.035200, 669
0.035300, 669
0.035400, 669
0.035500, 669
0.035600, 670
0.035700, 670
0.035800, 670
0.035900, 670
0.036000, 671
0.036100, 671
0.036200, 671
0.036300, 672
0.036400, 672
0.036500, 672
0.036600, 672
0.036700, 673
0.036800, 673
0.036900, 673
0.037000, 673
0.037100, 674
0.037200, 674
0.037300, 674
0.037400, 675
0.037500, 675
0.037600, 675
0.037700, 675
0.037800, 676
0.037900, 676
0.038000, 676
0.038100, 676
0.038200, 677
0.038300, 677
0.038400, 677
0.038500, 678
0.038600, 678
0.038700, 678
0.038800, 678
0.038900, 679
0.039000, 679
0.039100, 679
0.039200, 679
0.039300, 680
0.039400, 680
0.039500, 680
0.039600, 681
0.039700, 681
0.039800, 681
0.039900, 681
0.040000, 682
0.040100, 682
0.040200, 682
0.040300, 682
0.040400, 683
0.040500, 683
0.040600, 683
0.040700, 684
0.040800, 684
0.040900, 684
0.041000, 684
0.041100, 685
0.041200, 685
0.041300, 685
0.041400, 685
0.041500, 686
0.041600, 686
0.041700, 686
0.041800, 687
0.041900, 687
0.042000, 687
0.042100, 687
0.042200, 688
0.042300, 688
0.042400, 688
0.042500, 688
0.042600, 689
0.042700, 689
0.042800, 689
0.042900, 690
0.043000, 690
0.043100, 690
0.043200, 690
0.043300, 691
0.043400, 691
0.043500, 691
0.043600, 691
0.043700, 692
0.043800, 692
0.043900, 692
0.044000, 693
0.044100, 693
0.044200, 693
0.044300, 693
0.044400, 694
0.044500, 694
0.044600, 694
0.044700, 694
0.044800, 695
0.044900, 695
0.045000, 695
0.045100, 696
0.045200, 696
0.045300, 696
0.045400, 696
0.045500, 697
0.045600, 697
0.045700, 697
0.045800, 697
0.045900, 698
0.046000, 698
0.046100, 698
0.046200, 699
0.046300, 699
0.046400, 699
0.046500, 699
0.046600, 700
0.046700, 700
0.046800, 700
0.046900, 700
0.047000, 701
0.047100, 701
0.047200, 701
0.047300, 702
0.047400, 702
0.047500, 702
0.047600, 702
0.047700, 703
0.047800, 703
0.047900, 703
0.048000, 703
0.048100, 704
0.048200, 704
0.048300, 704
0.048400, 705
0.048500, 705
0.048600, 705
0.048700, 705
0.048800, 706
0.048900, 706
0.049000, 706
0.049100, 706
0.049200, 707
0.049300, 707
0.049400, 707
0.049500, 708
0.049600, 708
0.049700, 708
0.049800, 708
0.049900, 709
0.050000, 709
0.050100, 709
0.050200, 709
0.050300, 710
0.050400, 710
0.050500, 710
0.050600, 711
0.050700, 711
0.050800, 711
0.050900, 711
0.051000, 712
0.051100, 712
0.051200, 712
0.051300, 712
0.051400, 713
0.051500, 713
0.051600, 713
0.051700, 714
0.051800, 714
0.051900, 714
0.052000, 714
0.052100, 715
0.052200, 715
0.052300, 715
0.052400, 715
0.052500, 716
0.052600, 716
0.052700, 716
0.052800, 717
0.052900, 717
0.053000, 717
0.053100, 717
0.053200, 718
0.053300, 718
0.053400, 718
0.053500, 718
0.053600, 719
0.053700, 719
0.053800, 719
0.053900, 720
0.054000, 720
0.054100, 720
0.054200, 720
0.054300, 721
0.054400, 721
0.054500, 721
0.054600, 721
0.054700, 722
0.054800, 722
0.054900, 722
0.055000, 723
0.055100, 723
0.055200, 723
0.055300, 723
0.055400, 724
0.055500, 724
0.055600, 724
0.055700, 724
0.055800, 725
0.055900, 725
0.056000, 725
0.056100, 726
0.056200, 726
0.056300, 726
0.056400, 726
0.056500, 727
0.056600, 727
0.056700, 727
0.056800, 727
0.056900, 728
0.057000, 728
0.057100, 728
0.057200, 729
0.057300, 729
0.057400, 729
0.057500, 729
0.057600, 730
0.057700, 730
0.057800, 730
0.057900, 730
0.058000, 731
0.058100, 731
0.058200, 731
0.058300, 732
0.058400, 732
0.058500, 732
0.058600, 732
0.058700, 733
0.058800, 733
0.058900, 733
0.059000, 733
0.059100, 734
0.059200, 734
0.059300, 734
0.059400, 735
0.059500, 735
0.059600, 735
0.059700, 735
0.059800, 736
0.059900, 736
0.060000, 736
0.060100, 736
0.060200, 737
0.060300, 737
0.060400, 737
0.060500, 738
0.060600, 738
0.060700, 738
0.060800, 738
0.060900, 739
0.061000, 739
0.061100, 739
0.061200, 739
0.061300, 740
0.061400, 740
0.061500, 740
0.061600, 741
0.061700, 741
0.061800, 741
0.061900, 741
0.062000, 742
0.062100, 742
0.062200, 742
0.062300, 742
0.062400, 743
0.062500, 743
0.062600, 743
0.062700, 744
0.062800, 744
0.062900, 744
0.063000, 744
0.063100, 745
0.063200, 745
0.063300, 745
0.063400, 745
0.063500, 746
0.063600, 746
0.063700, 746
0.063800, 747
0.063900, 747
0.064000, 747
0.064100, 747
0.064200, 748
0.064300, 748
0.064400, 748
0.064500, 748
0.064600, 749
0.064700, 749
0.064800, 749
0.064900, 750
0.065000, 750
0.065100, 750
0.065200, 750
0.065300, 751
0.065400, 751
0.065500, 751
0.065600, 751
0.065700, 752
0.065800, 752
0.065900, 752
0.066000, 753
0.066100, 753
0.066200, 753
0.066300, 753
0.066400, 754
0.066500, 754
0.066600, 754
0.066700, 754
0.066800, 755
0.066900, 755
0.067000, 755
0.067100, 756
0.067200, 756
0.067300, 756
0.067400, 756
0.067500, 757
0.067600, 757
0.067700, 757
0.067800, 757
0.067900, 758
0.068000, 758
0.068100, 758
0.068200, 759
0.068300, 759
0.068400, 759
0.068500, 759
0.068600, 760
0.068700, 760
0.068800, 760
0.068900, 760
0.069000, 761
0.069100, 761
0.069200, 761
0.069300, 762
0.069400, 762
0.069500, 762
0.069600, 762
0.069700, 763
0.069800, 763
0.069900, 763
0.070000, 763
0.070100, 764
0.070200, 764
0.070300, 764
0.070400, 765
0.070500, 765
0.070600, 765
0.070700, 765
0.070800, 766
0.070900, 766
0.071000, 766
0.071100, 766
0.071200, 767
0.071300, 767
0.071400, 767
0.071500, 768
0.071600, 768
0.071700, 768
0.071800, 768
0.071900, 769
0.072000, 769
0.072100, 769
0.072200, 769
0.072300, 770
0.072400, 770
0.072500, 770
0.072600, 771
0.072700, 771
0.072800, 771
0.072900, 771
0.073000, 772
0.073100, 772
0.073200, 772
0.073300, 772
0.073400, 773
0.073500, 773
0.073600, 773
0.073700, 774
0.073800, 774
0.073900, 774
0.074000, 774
0.074100, 775
0.074200, 775
0.074300, 775
0.074400, 775
0.074500, 776
0.074600, 776
0.074700, 776
0.074800, 777
0.074900, 777
0.075000, 777
0.075100, 777
0.075200, 778
0.075300, 778
0.075400, 778
0.075500, 778
0.075600, 779
0.075700, 779
0.075800, 779
0.075900, 780
0.076000, 780
0.076100, 780
0.076200, 780
0.076300, 781
0.076400, 781
0.076500, 781
0.076600, 781
0.076700, 782
0.076800, 782
0.076900, 782
0.077000, 783
0.077100, 783
0.077200, 783
0.077300, 783
0.077400, 784
0.077500, 784
0.077600, 784
0.077700, 784
0.077800, 785
0.077900, 785
0.078000, 785
0.078100, 786
0.078200, 786
0.078300, 786
0.078400, 786
0.078500, 787
0.078600, 787
0.078700, 787
0.078800, 787
0.078900, 788
0.079000, 788
0.079100, 788
0.079200, 789
0.079300, 789
0.079400, 789
0.079500, 789
0.079600, 790
0.079700, 790
0.079800, 790
0.079900, 790
0.080000, 791
0.080100, 791
0.080200, 791
0.080300, 792
0.080400, 792
0.080500, 792
0.080600, 792
0.080700, 793
0.080800, 793
0.080900, 793
0.081000, 793
0.081100, 794
0.081200, 794
0.081300, 794
0.081400, 795
0.081500, 795
0.081600, 795
0.081700, 795
0.081800, 796
0.081900, 796
0.082000, 796
0.082100, 796
0.082200, 797
0.082300, 797
0.082400, 797
0.082500, 798
0.082600, 798
0.082700, 798
0.082800, 798
0.082900, 799
0.083000, 799
0.083100, 799
0.083200, 799
0.083300, 800
0.083400, 800
0.083500, 800
0.083600, 801
0.083700, 801
0.083800, 801
0.083900, 801
0.084000, 802
0.084100, 802
0.084200, 802
0.084300, 802
0.084400, 803
0.084500, 803
0.084600, 803
0.084700, 804
0.084800, 804
0.084900, 804
0.085000, 804
0.085100, 805
0.085200, 805
0.085300, 805
0.085400, 805
0.085500, 806
0.085600, 806
0.085700, 806
0.085800, 807
0.085900, 807
0.086000, 807
0.086100, 807
0.086200, 808
0.086300, 808
0.086400, 808
0.086500, 808
0.086600, 809
0.086700, 809
0.086800, 809
0.086900, 810
0.087000, 810
0.087100, 810
0.087200, 810
0.087300, 811
0.087400, 811
0.087500, 811
0.087600, 811
0.087700, 812
0.087800, 812
0.087900, 812
0.088000, 813
0.088100, 813
0.088200, 813
0.088300, 813
0.088400, 814
0.088500, 814
0.088600, 814
0.088700, 814
0.088800, 815
0.088900, 815
0.089000, 815
0.089100, 816
0.089200, 816
0.089300, 816
0.089400, 816
0.089500, 817
0.089600, 817
0.089700, 817
0.089800, 817
0.089900, 818
0.090000, 818
0.090100, 818
0.090200, 819
0.090300, 819
0.090400, 819
0.090500, 819
0.090600, 820
0.090700, 820
0.090800, 820
0.090900, 820
0.091000, 821
0.091100, 821
0.091200, 821
0.091300, 822
0.091400, 822
0.091500, 822
0.091600, 822
0.091700, 823
0.091800, 823
0.091900, 823
0.092000, 823
0.092100, 824
0.092200, 824
0.092300, 824
0.092400, 825
0.092500, 825
0.092600, 825
0.092700, 825
0.092800, 826
0.092900, 826
0.093000, 826
0.093100, 826
0.093200, 827
0.093300, 827
0.093400, 827
0.093500, 828
0.093600, 828
0.093700, 828
0.093800, 828
0.093900, 829
0.094000, 829
0.094100, 829
0.094200, 829
0.094300, 830
0.094400, 830
0.094500, 830
0.094600, 831
0.094700, 831
0.094800, 831
0.094900, 831
0.095000, 832
0.095100, 832
0.095200, 832
0.095300, 832
0.095400, 833
0.095500, 833
0.095600, 833
0.095700, 834
0.095800, 834
0.095900, 834
0.096000, 834
0.096100, 835
0.096200, 835
0.096300, 835
0.096400, 835
0.096500, 836
0.096600, 836
0.096700, 836
0.096800, 837
0.096900, 837
0.097000, 837
0.097100, 837
0.097200, 838
0.097300, 838
0.097400, 838
0.097500, 838
0.097600, 839
0.097700, 839
0.097800, 839
0.097900, 840
0.098000, 840
0.098100, 840
0.098200, 840
0.098300, 841
0.098400, 841
0.098500, 841
0.098600, 841
0.098700, 842
0.098800, 842
0.098900, 842
0.099000, 843
0.099100, 843
0.099200, 843
0.099300, 843
0.099400, 844
0.099500, 844
0.099600, 844
0.099700, 844
0.099800, 845
0.099900, 845
0.100000, 845
0.100100, 846
0.100200, 846
0.100300, 846
0.100400, 846
0.100500, 847
0.100600, 847
0.100700, 847
0.100800, 847
0.100900, 848
0.101000, 848
0.101100, 848
0.101200, 849
0.101300, 849
0.101400, 849
0.101500, 849
0.101600, 850
0.101700, 850
0.101800, 850
0.101900, 850
0.102000, 851
0.102100, 851
0.102200, 851
0.102300, 852
0.102400, 852
0.102500, 852
0.102600, 852
0.102700, 853
0.102800, 853
0.102900, 853
0.103000, 853
0.103100, 854
0.103200, 854
0.103300, 854
0.103400, 855
0.103500, 855
0.103600, 855
0.103700, 855
0.103800, 856
0.103900, 856
0.104000, 856
0.104100, 856
0.104200, 857
0.104300, 857
0.104400, 857
0.104500, 858
0.104600, 858
0.104700, 858
0.104800, 858
0.104900, 859
0.105000, 859
0.105100, 859
0.105200, 859
0.105300, 860
0.105400, 860
0.105500, 860
0.105600, 861
0.105700, 861
0.105800, 861
0.105900, 861
0.106000, 862
0.106100, 862
0.106200, 862
0.106300, 862
0.106400, 863
0.106500, 863
0.106600, 863
0.106700, 864
0.106800, 864
0.106900, 864
0.107000, 864
0.107100, 865
0.107200, 865
0.107300, 865
0.107400, 865
0.107500, 866
0.107600, 866
0.107700, 866
0.107800, 867
0.107900, 867
0.108000, 867
0.108100, 867
0.108200, 868
0.108300, 868
0.108400, 868
0.108500, 868
0.108600, 869
0.108700, 869
0.108800, 869
0.108900, 870
0.109000, 870
0.109100, 870
0.109200, 870
0.109300, 871
0.109400, 871
0.109500, 871
0.109600, 871
0.109700, 872
0.109800, 872
0.109900, 872
0.110000, 873
0.110100, 873
0.110200, 873
0.110300, 873
0.110400, 874
0.110500, 874
0.110600, 874
0.110700, 874
0.110800, 875
0.110900, 875
0.111000, 875
0.111100, 876
0.111200, 876
0.111300, 876
0.111400, 876
0.111500, 877
0.111600, 877
0.111700, 877
0.111800, 877
0.111900, 878
0.112000, 878
0.112100, 878
0.112200, 879
0.112300, 879
0.112400, 879
0.112500, 879
0.112600, 880
0.112700, 880
0.112800, 880
0.112900, 880
0.113000, 881
0.113100, 881
0.113200, 881
0.113300, 882
0.113400, 882
0.113500, 882
0.113600, 882
0.113700, 883
0.113800, 883
0.113900, 883
0.114000, 883
0.114100, 884
0.114200, 884
0.114300, 884
0.114400, 885
0.114500, 885
0.114600, 885
0.114700, 885
0.114800, 886
0.114900, 886
0.115000, 886
0.115100, 886
0.115200, 887
0.115300, 887
0.115400, 887
0.115500, 888
0.115600, 888
0.115700, 888
0.115800, 888
0.115900, 889
0.116000, 889
0.116100, 889
0.116200, 889
0.116300, 890
0.116400, 890
0.116500, 890
0.116600, 891
0.116700, 891
0.116800, 891
0.116900, 891
0.117000, 892
0.117100, 892
0.117200, 892
0.117300, 892
0.117400, 893
0.117500, 893
0.117600, 893
0.117700, 894
0.117800, 894
0.117900, 894
0.118000, 894
0.118100, 895
0.118200, 895
0.118300, 895
0.118400, 895
0.118500, 896
0.118600, 896
0.118700, 896
0.118800, 897
0.118900, 897
0.119000, 897
0.119100, 897
0.119200, 898
0.119300, 898
0.119400, 898
0.119500, 898
0.119600, 899
0.119700, 899
0.119800, 899
0.119900, 900
0.120000, 900
0.120100, 900
0.120200, 900
0.120300, 901
0.120400, 901
0.120500, 901
0.120600, 901
0.120700, 902
0.120800, 902
0.120900, 902
0.121000, 903
0.121100, 903
0.121200, 903
0.121300, 903
0.121400, 904
0.121500, 904
0.121600, 904
0.121700, 904
0.121800, 905
0.121900, 905
0.122000, 905
0.122100, 906
0.122200, 906
0.122300, 906
0.122400, 906
0.122500, 907
0.122600, 907
0.122700, 907
0.122800, 907
0.122900, 908
0.123000, 908
0.123100, 908
0.123200, 909
0.123300, 909
0.123400, 909
0.123500, 909
0.123600, 910
0.123700, 910
0.123800, 910
0.123900, 910
0.124000, 911
0.124100, 911
0.124200, 911
0.124300, 912
0.124400, 912
0.124500, 912
0.124600, 912
0.124700, 913
0.124800, 913
0.124900, 913
0.125000, 913
0.125100, 914
0.125200, 914
0.125300, 914
0.125400, 915
0.125500, 915
0.125600, 915
0.125700, 915
0.125800, 916
0.125900, 916
0.126000, 916
0.126100, 916
0.126200, 917
0.126300, 917
0.126400, 917
0.126500, 918
0.126600, 918
0.126700, 918
0.126800, 918
0.126900, 919
0.127000, 919
0.127100, 919
0.127200, 919
0.127300, 920
0.127400, 920
0.127500, 920
0.127600, 921
0.127700, 921
0.127800, 921
0.127900, 921
0.128000, 922
0.128100, 922
0.128200, 922
0.128300, 922
0.128400, 923
0.128500, 923
0.128600, 923
0.128700, 924
0.128800, 924
0.128900, 924
0.129000, 924
0.129100, 925
0.129200, 925
0.129300, 925
0.129400, 925
0.129500, 926
0.129600, 926
0.129700, 926
0.129800, 927
0.129900, 927
0.130000, 927
0.130100, 927
0.130200, 928
0.130300, 928
0.130400, 928
0.130500, 928
0.130600, 929
0.130700, 929
0.130800, 929
0.130900, 930
0.131000, 930
0.131100, 930
0.131200, 930
0.131300, 931
0.131400, 931
0.131500, 931
0.131600, 931
0.131700, 932
0.131800, 932
0.131900, 932
0.132000, 933
0.132100, 933
0.132200, 933
0.132300, 933
0.132400, 934
0.132500, 934
0.132600, 934
0.132700, 934
0.132800, 935
0.132900, 935
0.133000, 935
0.133100, 936
0.133200, 936
0.133300, 936
0.133400, 936
0.133500, 937
0.133600, 937
0.133700, 937
0.133800, 937
0.133900, 938
0.134000, 938
0.134100, 938
0.134200, 939
0.134300, 939
0.134400, 939
0.134500, 939
0.134600, 940
0.134700, 940
0.134800, 940
0.134900, 940
0.135000, 941
0.135100, 941
0.135200, 941
0.135300, 942
0.135400, 942
0.135500, 942
0.135600, 942
0.135700, 943
0.135800, 943
0.135900, 943
0.136000, 943
0.136100, 944
0.136200, 944
0.136300, 944
0.136400, 945
0.136500, 945
0.136600, 945
0.136700, 945
0.136800, 946
0.136900, 946
0.137000, 946
0.137100, 946
0.137200, 947
0.137300, 947
0.137400, 947
0.137500, 948
0.137600, 948
0.137700, 948
0.137800, 948
0.137900, 949
0.138000, 949
0.138100, 949
0.138200, 949
0.138300, 950
0.138400, 950
0.138500, 950
0.138600, 951
0.138700, 951
0.138800, 951
0.138900, 951
0.139000, 952
0.139100, 952
0.139200, 952
0.139300, 952
0.139400, 953
0.139500, 953
0.139600, 953
0.139700, 954
0.139800, 954
0.139900, 954
0.140000, 954
0.140100, 955
0.140200, 955
0.140300, 955
0.140400, 955
0.140500, 956
0.140600, 956
0.140700, 956
0.140800, 957
0.140900, 957
0.141000, 957
0.141100, 957
0.141200, 958
0.141300, 958
0.141400, 958
0.141500, 958
0.141600, 959
0.141700, 959
0.141800, 959
0.141900, 960
0.142000, 960
0.142100, 960
0.142200, 960
0.142300, 961
0.142400, 961
0.142500, 961
0.142600, 961
0.142700, 962
0.142800, 962
0.142900, 962
0.143000, 963
0.143100, 963
0.143200, 963
0.143300, 963
0.143400, 964
0.143500, 964
0.143600, 964
0.143700, 964
0.143800, 965
0.143900, 965
0.144000, 965
0.144100, 966
0.144200, 966
0.144300, 966
0.144400, 966
0.144500, 967
0.144600, 967
0.144700, 967
0.144800, 967
0.144900, 968
0.145000, 968
0.145100, 968
0.145200, 969
0.145300, 969
0.145400, 969
0.145500, 969
0.145600, 970
0.145700, 970
0.145800, 970
0.145900, 970
0.146000, 971
0.146100, 971
0.146200, 971
0.146300, 972
0.146400, 972
0.146500, 972
0.146600, 972
0.146700, 973
0.146800, 973
0.146900, 973
0.147000, 973
0.147100, 974
0.147200, 974
0.147300, 974
0.147400, 975
0.147500, 975
0.147600, 975
0.147700, 975
0.147800, 976
0.147900, 976
0.148000, 976
0.148100, 976
0.148200, 977
0.148300, 977
0.148400, 977
0.148500, 978
0.148600, 978
0.148700, 978
0.148800, 978
0.148900, 979
0.149000, 979
0.149100, 979
0.149200, 979
0.149300, 980
0.149400, 980
0.149500, 980
0.149600, 981
0.149700, 981
0.149800, 981
0.149900, 981
0.150000, 982
0.150100, 982
0.150200, 982
0.150300, 982
0.150400, 983
0.150500, 983
0.150600, 983
0.150700, 984
0.150800, 984
0.150900, 984
0.151000, 984
0.151100, 985
0.151200, 985
0.151300, 985
0.151400, 985
0.151500, 986
0.151600, 986
0.151700, 986
0.151800, 987
0.151900, 987
0.152000, 987
0.152100, 987
0.152200, 988
0.152300, 988
0.152400, 988
0.152500, 988
0.152600, 989
0.152700, 989
0.152800, 989
0.152900, 990
0.153000, 990
0.153100, 990
0.153200, 990
0.153300, 991
0.153400, 991
0.153500, 991
0.153600, 991
0.153700, 992
0.153800, 992
0.153900, 992
0.154000, 993
0.154100, 993
0.154200, 993
0.154300, 993
0.154400, 994
0.154500, 994
0.154600, 994
0.154700, 994
0.154800, 995
0.154900, 995
0.155000, 995
0.155100, 996
0.155200, 996
0.155300, 996
0.155400, 996
0.155500, 997
0.155600, 997
0.155700, 997
0.155800, 997
0.155900, 998
0.156000, 998
0.156100, 998
0.156200, 999
0.156300, 999
0.156400, 999
0.156500, 999
0.156600, 1000
0.156700, 1000
0.156800, 1000
0.156900, 1000
0.157000, 1001
0.157100, 1001
0.157200, 1001
0.157300, 1002
0.157400, 1002
0.157500, 1002
0.157600, 1002
0.157700, 1003
0.157800, 1003
0.157900, 1003
0.158000, 1003
0.158100, 1004
0.158200, 1004
0.158300, 1004
0.158400, 1005
0.158500, 1005
0.158600, 1005
0.158700, 1005
0.158800, 1006
0.158900, 1006
0.159000, 1006
0.159100, 1006
0.159200, 1007
0.159300, 1007
0.159400, 1007
0.159500, 1008
0.159600, 1008
0.159700, 1008
0.159800, 1008
0.159900, 1009
0.160000, 1009
0.160100, 1009
0.160200, 1009
0.160300, 1010
0.160400, 1010
0.160500, 1010
0.160600, 1011
0.160700, 1011
0.160800, 1011
0.160900, 1011
0.161000, 1012
0.161100, 1012
0.161200, 1012
0.161300, 1012
0.161400, 1013
0.161500, 1013
0.161600, 1013
0.161700, 1014
0.161800, 1014
0.161900, 1014
0.162000, 1014
0.162100, 1015
0.162200, 1015
0.162300, 1015
0.162400, 1015
0.162500, 1016
0.162600, 1016
0.162700, 1016
0.162800, 1017
0.162900, 1017
0.163000, 1017
0.163100, 1017
0.163200, 1018
0.163300, 1018
0.163400, 1018
0.163500, 1018
0.163600, 1019
0.163700, 1019
0.163800, 1019
0.163900, 1020
0.164000, 1020
0.164100, 1020
0.164200, 1020
0.164300, 1021
0.164400, 1021
0.164500, 1021
0.164600, 1021
0.164700, 1022
0.164800, 1022
0.164900, 1022
0.165000, 1023
0.165100, 1023
0.165200, 1023
0.165300, 1023
0.165400, 1024
0.165500, 1024
0.165600, 1024
0.165700, 1024
0.165800, 1025
0.165900, 1025
0.166000, 1025
0.166100, 1026
0.166200, 1026
0.166300, 1026
0.166400, 1026
0.166500, 1027
0.166600, 1027
0.166700, 1027
0.166800, 1027
0.166900, 1028
0.167000, 1028
0.167100, 1028
0.167200, 1029
0.167300, 1029
0.167400, 1029
0.167500, 1029
0.167600, 1030
0.167700, 1030
0.167800, 1030
0.167900, 1030
0.168000, 1031
0.168100, 1031
0.168200, 1031
0.168300, 1032
0.168400, 1032
0.168500, 1032
0.168600, 1032
0.168700, 1033
0.168800, 1033
0.168900, 1033
0.169000, 1033
0.169100, 1034
0.169200, 1034
0.169300, 1034
0.169400, 1035
0.169500, 1035
0.169600, 1035
0.169700, 1035
0.169800, 1036
0.169900, 1036
0.170000, 1036
0.170100, 1036
0.170200, 1037
0.170300, 1037
0.170400, 1037
0.170500, 1038
0.170600, 1038
0.170700, 1038
0.170800, 1038
0.170900, 1039
0.171000, 1039
0.171100, 1039
0.171200, 1039
0.171300, 1040
0.171400, 1040
0.171500, 1040
0.171600, 1041
0.171700, 1041
0.171800, 1041
0.171900, 1041
0.172000, 1042
0.172100, 1042
0.172200, 1042
0.172300, 1042
0.172400, 1043
0.172500, 1043
0.172600, 1043
0.172700, 1044
0.172800, 1044
0.172900, 1044
0.173000, 1044
0.173100, 1045
0.173200, 1045
0.173300, 1045
0.173400, 1045
0.173500, 1046
0.173600, 1046
0.173700, 1046
0.173800, 1047
0.173900, 1047
0.174000, 1047
0.174100, 1047
0.174200, 1048
0.174300, 1048
0.174400, 1048
0.174500, 1048
0.174600, 1049
0.174700, 1049
0.174800, 1049
0.174900, 1050
0.175000, 1050
0.175100, 1050
0.175200, 1050
0.175300, 1051
0.175400, 1051
0.175500, 1051
0.175600, 1051
0.175700, 1052
0.175800, 1052
0.175900, 1052
0.176000, 1053
0.176100, 1053
0.176200, 1053
0.176300, 1053
0.176400, 1054
0.176500, 1054
0.176600, 1054
0.176700, 1054
0.176800, 1055
0.176900, 1055
0.177000, 1055
0.177100, 1056
0.177200, 1056
0.177300, 1056
0.177400, 1056
0.177500, 1057
0.177600, 1057
0.177700, 1057
0.177800, 1057
0.177900, 1058
0.178000, 1058
0.178100, 1058
0.178200, 1059
0.178300, 1059
0.178400, 1059
0.178500, 1059
0.178600, 1060
0.178700, 1060
0.178800, 1060
0.178900, 1060
0.179000, 1061
0.179100, 1061
0.179200, 1061
0.179300, 1062
0.179400, 1062
0.179500, 1062
0.179600, 1062
0.179700, 1063
0.179800, 1063
0.179900, 1063
0.180000, 1064
0.180100, 1061
0.180200, 1059
0.180300, 1056
0.180400, 1054
0.180500, 1051
0.180600, 1049
0.180700, 1046
0.180800, 1044
0.180900, 1041
0.181000, 1039
0.181100, 1036
0.181200, 1034
0.181300, 1032
0.181400, 1029
0.181500, 1027
0.181600, 1024
0.181700, 1022
0.181800, 1019
0.181900, 1017
0.182000, 1014
0.182100, 1012
0.182200, 1009
0.182300, 1007
0.182400, 1005
0.182500, 1002
0.182600, 1000
0.182700, 997
0.182800, 995
0.182900, 992
0.183000, 990
0.183100, 987
0.183200, 985
0.183300, 982
0.183400, 980
0.183500, 978
0.183600, 975
0.183700, 973
0.183800, 970
0.183900, 968
0.184000, 965
0.184100, 963
0.184200, 960
0.184300, 958
0.184400, 955
0.184500, 953
0.184600, 951
0.184700, 948
0.184800, 946
0.184900, 943
0.185000, 941
0.185100, 938
0.185200, 936
0.185300, 933
0.185400, 931
0.185500, 928
0.185600, 926
0.185700, 924
0.185800, 921
0.185900, 919
0.186000, 916
0.186100, 914
0.186200, 911
0.186300, 909
0.186400, 906
0.186500, 904
0.186600, 901
0.186700, 899
0.186800, 897
0.186900, 894
0.187000, 892
0.187100, 889
0.187200, 887
0.187300, 884
0.187400, 882
0.187500, 879
0.187600, 877
0.187700, 874
0.187800, 872
0.187900, 870
0.188000, 867
0.188100, 865
0.188200, 862
0.188300, 860
0.188400, 857
0.188500, 855
0.188600, 852
0.188700, 850
0.188800, 847
0.188900, 845
0.189000, 843
0.189100, 840
0.189200, 838
0.189300, 835
0.189400, 833
0.189500, 830
0.189600, 828
0.189700, 825
0.189800, 823
0.189900, 820
0.190000, 818
0.190100, 816
0.190200, 813
0.190300, 811
0.190400, 808
0.190500, 806
0.190600, 803
0.190700, 801
0.190800, 798
0.190900, 796
0.191000, 793
0.191100, 791
0.191200, 789
0.191300, 786
0.191400, 784
0.191500, 781
0.191600, 779
0.191700, 776
0.191800, 774
0.191900, 771
0.192000, 769
0.192100, 766
0.192200, 764
0.192300, 762
0.192400, 759
0.192500, 757
0.192600, 754
0.192700, 752
0.192800, 749
0.192900, 747
0.193000, 744
0.193100, 742
0.193200, 739
0.193300, 737
0.193400, 735
0.193500, 732
0.193600, 730
0.193700, 727
0.193800, 725
0.193900, 722
0.194000, 720
0.194100, 717
0.194200, 715
0.194300, 712
0.194400, 710
0.194500, 708
0.194600, 705
0.194700, 703
0.194800, 700
0.194900, 698
0.195000, 695
0.195100, 693
0.195200, 690
0.195300, 688
0.195400, 685
0.195500, 683
0.195600, 681
0.195700, 678
0.195800, 676
0.195900, 673
0.196000, 671
0.196100, 668
0.196200, 666
0.196300, 663
0.196400, 661
0.196500, 658
0.196600, 656
0.196700, 654
0.196800, 651
0.196900, 649
0.197000, 646
0.197100, 644
0.197200, 641
0.197300, 639
0.197400, 636
0.197500, 634
0.197600, 631
0.197700, 629
0.197800, 627
0.197900, 624
0.198000, 622
0.198100, 619
0.198200, 617
0.198300, 614
0.198400, 612
0.198500, 609
0.198600, 607
0.198700, 604
0.198800, 602
0.198900, 600
0.199000, 597
0.199100, 595
0.199200, 592
0.199300, 590
0.199400, 587
0.199500, 585
0.199600, 582
0.199700, 580
0.199800, 577
0.199900, 575
